t dt mgp.i mgp.nrelax mgpf.i mgpf.nrelax mgu.i mgu.nrelax grid->tn perf.t perf.speed npe
0 0.000852273 0 0 0 0 0 0 262144 0 0 1
0.000852273 0.000852273 4 4 0 0 8 3 1529872 5.66275 270164 1
0.00188128 0.00102901 5 3 0 0 20 2 395739 33.739 57073.7 1
0.00192129 4.00025e-05 2 2 0 0 4 2 272308 37.5269 58569.1 1
0.00194502 2.3739e-05 1 2 0 0 3 2 273092 40.0178 61747.9 1
0.00197262 2.75913e-05 1 2 0 0 3 2 273925 43.3895 63262.6 1
0.00200341 3.07924e-05 1 2 0 0 3 2 271727 45.8983 65724.9 1
0.00203961 3.61983e-05 1 2 0 0 4 2 270852 49.701 66145.9 1
0.00208029 4.06869e-05 2 3 0 0 4 2 270796 52.7492 67457.2 1
0.00212605 4.57593e-05 2 4 0 0 4 2 270901 56.7603 67462.8 1
0.002177 5.09469e-05 1 4 0 0 4 2 270250 59.7176 68647.4 1
0.00223484 5.7838e-05 1 4 0 0 4 2 268836 63.6569 68622.5 1
0.00230244 6.75995e-05 1 4 0 0 4 2 264132 66.6031 69552.7 1
0.00238485 8.2417e-05 1 4 0 0 5 2 262039 69.7764 70145.1 1
0.00249548 0.000110629 2 3 0 0 5 2 260947 73.2661 70365.6 1
0.00263038 0.000134894 2 2 0 0 5 2 254598 77.5715 69742.3 1
0.00279884 0.000168465 2 2 0 0 6 2 231407 81.2999 69390.3 1
0.00298854 0.000189696 3 2 0 0 7 2 213340 86.1714 67943.2 1
0.00318846 0.000199927 3 2 0 0 7 2 210246 89.8443 67505.8 1
0.00339531 0.000206848 3 2 0 0 7 2 208125 94.333 66499.9 1
0.00360733 0.000212023 2 2 0 0 7 2 207523 97.8053 66260.8 1
0.00382367 0.000216339 2 2 0 0 7 2 207089 101.094 66153.5 1
0.00404348 0.000219807 4 2 0 0 8 2 206473 105.138 65572.8 1
0.00426605 0.000222568 3 2 0 0 8 2 206228 109.905 64605.5 1
0.00449091 0.00022486 2 2 0 0 8 2 206501 113.692 64269.6 1
0.00471759 0.00022668 3 2 0 0 8 2 206214 118.495 63404.6 1
0.00494571 0.00022812 2 2 0 0 8 2 206613 122.281 63131.3 1
0.00517494 0.000229229 4 2 0 0 8 2 207348 127.186 62326.9 1
0.00540509 0.00023015 3 2 0 0 8 2 207530 130.052 62549.3 1
0.00563576 0.000230674 2 2 0 0 8 2 209000 134.72 61933.4 1
0.00586682 0.000231059 4 2 0 0 8 2 211247 138.79 61639 1
0.00609843 0.000231603 3 2 0 0 8 2 212283 143.595 61054.9 1
0.00633016 0.000231731 3 2 0 0 8 2 212262 147.566 60850.2 1
0.00656192 0.000231766 4 2 0 0 8 2 212262 152.542 60257 1
0.00679336 0.000231436 2 2 0 0 8 2 212129 156.4 60126.9 1
0.00702358 0.000230227 3 2 0 0 8 2 212101 160.14 60047 1
0.00725401 0.000230425 4 2 0 0 8 2 212157 164.232 59842.8 1
0.00748454 0.000230532 3 2 0 0 8 2 213004 169.041 59400.2 1
0.00771513 0.000230584 3 2 0 0 8 2 212416 173.051 59251.4 1
0.00794427 0.000229146 4 2 0 0 7 2 212766 177.745 58883.5 1
0.00817357 0.000229296 4 2 0 0 7 2 212367 181.529 58826 1
0.00840303 0.000229463 4 2 0 0 7 2 212521 186.192 58494.2 1
0.00863249 0.000229464 3 2 0 0 7 2 211933 189.853 58482.7 1
0.00886201 0.000229515 3 2 0 0 7 2 211947 193.343 58523.2 1
0.00909163 0.000229621 3 2 0 0 7 2 212556 197.004 58514.7 1
0.00932129 0.000229658 3 2 0 0 7 2 212598 201.56 58246.7 1
0.00955048 0.000229188 3 2 0 0 7 2 210680 205.233 58230.8 1
0.00977963 0.000229155 3 2 0 0 7 2 210554 209.77 57975.2 1
0.0100088 0.000229197 3 2 0 0 7 2 210456 213.441 57964 1
0.0102371 0.000228267 3 2 0 0 7 2 210435 217.993 57718.9 1
0.0104654 0.000228347 3 2 0 0 7 2 210421 221.673 57709.9 1
0.0106938 0.000228359 3 2 0 0 7 2 209882 225.156 57749.5 1
0.0109223 0.000228477 4 2 0 0 7 2 210260 228.966 57706.7 1
0.0111502 0.000227876 3 2 0 0 7 2 210288 233.529 57479.7 1
0.0113782 0.00022804 3 2 0 0 7 2 209112 237.224 57465.9 1
0.0116064 0.000228163 4 2 0 0 7 2 209056 241.891 57221.3 1
0.0118346 0.000228209 3 2 0 0 7 2 209140 245.578 57213.8 1
0.0120628 0.000228281 3 2 0 0 7 2 207971 250.194 56989.6 1
0.0122912 0.000228343 4 2 0 0 7 2 207943 254.137 56923.7 1
0.0125195 0.000228274 3 2 0 0 7 2 207943 257.842 56912.1 1
0.0127476 0.000228166 4 2 0 0 7 2 207908 261.819 56841.7 1
0.0129758 0.000228186 3 2 0 0 7 2 208713 266.444 56638.4 1
0.013204 0.000228192 3 2 0 0 7 2 208643 270.238 56615.4 1
0.0134321 0.000228129 4 2 0 0 7 2 208699 275.322 56328 1
0.0136603 0.00022816 3 2 0 0 7 2 208678 279.114 56310.3 1
0.0138885 0.000228248 4 2 0 0 7 2 208993 283.782 56120.4 1
0.0141168 0.0002283 4 2 0 0 7 2 208398 286.531 56309.4 1
0.0143449 0.000228091 4 2 0 0 7 2 208384 291.227 56117 1
0.0145731 0.000228161 3 2 0 0 7 2 208356 294.951 56114.7 1
0.0148013 0.000228183 4 2 0 0 7 2 208419 299.713 55918.6 1
0.0150295 0.000228217 3 2 0 0 7 2 208363 303.401 55925.7 1
0.0152578 0.000228287 4 2 0 0 7 2 208384 308.049 55758.2 1
0.0154861 0.000228337 4 2 0 0 7 2 208328 311.879 55741.6 1
0.0157145 0.000228389 4 2 0 0 7 2 208216 316.539 55578.6 1
0.0159429 0.000228436 3 2 0 0 7 2 207950 319.143 55776.8 1
0.0161703 0.000227308 3 2 0 0 7 2 206333 323.685 55631.5 1
0.0163977 0.000227405 4 2 0 0 7 2 205150 327.484 55612.7 1
0.0166251 0.000227474 3 2 0 0 7 2 204828 332.017 55470.2 1
0.0168528 0.000227688 3 2 0 0 7 2 204653 335.683 55474.1 1
0.0170806 0.000227786 3 2 0 0 7 2 204569 340.221 55335.5 1
0.0173085 0.000227846 4 2 0 0 7 2 204072 344.022 55317.3 1
0.0175364 0.000227946 4 2 0 0 7 2 204009 347.629 55330.2 1
0.0177644 0.000228019 3 2 0 0 7 2 203897 351.287 55334.4 1
0.0179924 0.000228022 3 2 0 0 7 2 203666 355.798 55205.4 1
0.0182202 0.000227772 4 2 0 0 7 2 203645 359.582 55190.8 1
0.0184481 0.000227851 4 2 0 0 7 2 201923 364.245 55038.6 1
0.018676 0.000227928 3 2 0 0 14 2 201153 370.114 54709.2 1
0.018904 0.000228023 4 2 0 0 7 2 199781 374.737 54567.5 1
0.0191321 0.000228067 3 2 0 0 14 2 198675 379.501 54406 1
0.0193602 0.000228087 4 2 0 0 7 2 197653 384.076 54272.5 1
0.0195881 0.000227971 3 2 0 0 7 2 197401 387.668 54278.8 1
0.0198162 0.00022806 4 2 0 0 7 2 197079 392.257 54146.3 1
0.0200443 0.000228099 4 2 0 0 7 2 196722 395.961 54136.6 1
0.0202724 0.000228103 3 2 0 0 7 2 195672 400.387 54026.9 1
0.0205006 0.000228157 3 2 0 0 7 2 194202 403.957 54030.2 1
0.0207288 0.00022826 3 2 0 0 14 2 193285 410.579 53629.5 1
0.0209571 0.000228276 3 2 0 0 14 2 193145 415.228 53494.1 1
0.0211854 0.000228319 4 2 0 0 15 2 193180 422.383 53045.4 1
0.0214139 0.000228448 4 2 0 0 15 2 193138 428.616 52724.5 1
0.0216411 0.000227224 4 2 0 0 14 2 192179 435.422 52341.8 1
0.0218676 0.000226523 3 2 0 0 7 2 191605 439.005 52351 1
0.0220944 0.000226814 3 2 0 0 7 2 191871 442.405 52382.5 1
0.0223215 0.00022713 3 2 0 0 7 2 191696 445.981 52392.3 1
0.0225489 0.000227333 4 2 0 0 14 2 191416 452.78 52028.3 1
0.022776 0.000227079 3 2 0 0 7 2 191493 456.386 52036.8 1
0.0229971 0.000221114 3 2 0 0 7 2 191374 460.845 51948.6 1
0.0232191 0.000222043 3 2 0 0 6 2 190996 464.212 51983.2 1
0.0234423 0.000223142 4 2 0 0 13 2 190709 470.693 51672.6 1
0.0236604 0.000218177 3 2 0 0 7 2 190842 473.184 51803.9 1
0.0238789 0.000218491 3 2 0 0 7 2 190604 477.637 51720.1 1
0.0240989 0.000219952 3 2 0 0 7 2 190653 481.234 51729.6 1
0.0243204 0.00022148 3 2 0 0 6 2 190149 485.452 51671.8 1
0.024543 0.000222667 3 2 0 0 7 2 189491 489.207 51662.5 1
0.0247578 0.000214809 3 2 0 0 7 2 188847 494.05 51538.3 1
0.0249737 0.000215846 3 2 0 0 7 2 188350 497.959 51512.1 1
0.0251916 0.000217919 3 2 0 0 7 2 188063 502.777 51392.4 1
0.0254103 0.00021873 3 2 0 0 7 2 187447 505.466 51489.9 1
0.0256309 0.000220541 3 2 0 0 7 2 187034 510.282 51370.4 1
0.0258529 0.000222031 3 2 0 0 7 2 186705 514.079 51354.2 1
0.0260761 0.000223191 3 2 0 0 6 2 186474 518.462 51279.8 1
0.0263003 0.000224236 3 2 0 0 7 2 186208 522.201 51269.2 1
0.0265248 0.000224479 3 2 0 0 7 2 185928 526.836 51171 1
0.0267456 0.000220799 4 2 0 0 7 2 185277 530.718 51145.8 1
0.0269674 0.000221757 3 2 0 0 7 2 185284 535.275 51056.5 1
0.0271904 0.000223051 3 2 0 0 6 2 185109 537.6 51180.1 1
0.0274145 0.000224136 4 2 0 0 7 2 185130 542.326 51075.4 1
0.0276389 0.000224383 3 2 0 0 14 2 184969 548.367 50850.1 1
0.0278627 0.000223774 3 2 0 0 7 2 184808 552.935 50764.3 1
0.0280871 0.000224349 3 2 0 0 7 2 184633 556.833 50740.4 1
0.0283123 0.000225278 4 2 0 0 6 2 184283 561.435 50652.8 1
0.0285384 0.000226022 3 2 0 0 7 2 184367 565.179 50643.4 1
0.028765 0.000226651 3 2 0 0 7 2 184353 568.881 50637.9 1
0.028989 0.000224007 3 2 0 0 7 2 184374 572.637 50627.8 1
0.029212 0.000223034 3 2 0 0 7 2 184199 577.259 50541.5 1
0.0294358 0.000223715 3 2 0 0 7 2 183989 581.038 50529.4 1
0.0296604 0.000224628 3 2 0 0 7 2 183912 585.608 50449.2 1
0.029886 0.000225582 3 2 0 0 6 2 183793 589.005 50470.2 1
0.0301124 0.000226419 3 2 0 0 7 2 183674 593.631 50386.3 1
0.0303395 0.000227062 3 2 0 0 7 2 183639 597.435 50372.9 1
0.0305622 0.000222786 3 2 0 0 7 2 183352 600.92 50385.9 1
0.0307851 0.000222906 3 2 0 0 7 2 183303 604.547 50386.8 1
0.0310089 0.000223759 4 2 0 0 7 2 183163 609.349 50290.3 1
0.0312338 0.000224917 3 2 0 0 7 2 183135 612.919 50296.2 1
0.0314597 0.000225911 4 2 0 0 7 2 183044 617.724 50201.3 1
0.0316865 0.000226736 3 2 0 0 7 2 183065 621.495 50191.2 1
0.0319114 0.000224896 3 2 0 0 7 2 182890 626.052 50118 1
0.0321358 0.000224443 3 2 0 0 6 2 182785 628.556 50209.2 1
0.032361 0.000225148 3 2 0 0 7 2 182652 633.027 50143.1 1
0.0325863 0.000225349 4 2 0 0 7 2 182708 636.722 50139.1 1
0.0328097 0.000223407 3 2 0 0 6 2 182561 640.928 50094.8 1
0.0330341 0.000224366 3 2 0 0 7 2 182617 644.496 50100.8 1
0.0332596 0.000225508 3 2 0 0 7 2 182568 648.953 50038.1 1
0.0334852 0.000225624 3 2 0 0 7 2 182645 652.521 50044.4 1
0.0337109 0.000225675 3 2 0 0 7 2 182694 657.225 49964.2 1
0.0339364 0.000225494 3 2 0 0 7 2 182708 660.101 50023.3 1
0.0341626 0.000226172 3 2 0 0 7 2 182596 664.831 49942.1 1
0.0343903 0.000227705 3 2 0 0 7 2 182470 668.586 49934.4 1
0.0346186 0.000228381 3 2 0 0 7 2 182533 673.323 49854.2 1
0.0348436 0.000224984 3 2 0 0 7 2 182498 677.102 49845.5 1
0.0350687 0.000225092 3 2 0 0 7 2 182841 681.774 49772.1 1
0.0352939 0.000225217 3 2 0 0 7 2 182708 685.527 49766.2 1
0.0355199 0.000225975 3 2 0 0 6 2 182575 689.9 49715.4 1
0.0357467 0.000226827 3 2 0 0 7 2 182589 692.59 49785.9 1
0.0359745 0.000227769 3 2 0 0 7 2 182757 697.264 49714.3 1
0.0362014 0.000226872 3 2 0 0 7 2 182708 701.234 49693.4 1
0.0364283 0.000226901 4 2 0 0 7 2 182715 706.075 49611.5 1
0.0366549 0.00022666 3 2 0 0 7 2 182813 709.799 49608.7 1
0.0368817 0.000226767 4 2 0 0 7 2 182841 714.587 49532.2 1
0.0371091 0.000227368 3 2 0 0 7 2 182841 718.324 49529 1
0.0373374 0.000228288 3 2 0 0 7 2 182876 721.785 49544.9 1
0.0375641 0.000226752 3 2 0 0 7 2 182750 725.485 49544.1 1
0.037791 0.000226867 3 2 0 0 7 2 182666 729.917 49493.6 1
0.0380179 0.000226948 3 2 0 0 7 2 182617 733.519 49499.5 1
0.038245 0.000227044 3 2 0 0 7 2 182596 738.036 49444 1
0.0384727 0.000227698 3 2 0 0 7 2 182680 741.681 49447.3 1
0.0387012 0.000228578 3 2 0 0 7 2 182687 746.094 49399.6 1
0.0389285 0.000227289 3 2 0 0 7 2 182729 749.874 49394.3 1
0.0391559 0.000227336 3 2 0 0 7 2 182631 753.212 49417.9 1
0.0393832 0.00022737 3 2 0 0 7 2 182722 756.79 49425.7 1
0.0396107 0.000227477 3 2 0 0 7 2 182561 761.284 49373.7 1
0.0398388 0.000228074 3 2 0 0 7 2 182659 764.913 49378.2 1
0.0400677 0.000228953 3 2 0 0 7 2 182694 769.321 49332.8 1
0.0402952 0.000227464 3 2 0 0 7 2 182778 772.961 49336.9 1
0.0405227 0.000227539 3 2 0 0 7 2 182708 777.396 49290.5 1
0.0407503 0.000227563 3 2 0 0 7 2 182743 780.973 49298.8 1
0.040978 0.000227664 3 2 0 0 7 2 182603 784.37 49318.1 1
0.0412063 0.000228344 3 2 0 0 7 2 182757 788.007 49322.4 1
0.0414356 0.000229268 3 2 0 0 7 2 182799 792.426 49278 1
0.0416631 0.000227471 3 2 0 0 7 2 182890 796.074 49281.9 1
0.0418907 0.000227614 4 2 0 0 7 2 182757 800.635 49229.4 1
0.0421183 0.000227675 3 2 0 0 7 2 182799 804.199 49238.6 1
0.0423462 0.000227862 3 2 0 0 7 2 182904 808.679 49191.9 1
0.0425748 0.000228543 3 2 0 0 7 2 182820 812.337 49195.5 1
0.0428041 0.000229368 3 2 0 0 7 2 182960 815.687 49217.8 1
0.0430327 0.000228553 3 2 0 0 7 2 182806 819.342 49221.3 1
0.0432613 0.000228636 3 2 0 0 7 2 182988 823.82 49175.9 1
0.0434906 0.000229305 3 2 0 0 7 2 182988 827.377 49185.7 1
0.043719 0.000228406 4 2 0 0 7 2 182946 831.982 49133.3 1
0.0439476 0.000228533 3 2 0 0 7 2 183065 835.617 49138.6 1
0.0441767 0.000229186 4 3 0 0 7 2 183513 840.2 49089 1
0.0444054 0.000228673 3 2 0 0 7 2 183639 843.873 49093 1
0.0446343 0.000228933 4 2 0 0 7 2 183632 847.421 49104.1 1
0.044864 0.000229613 3 2 0 0 7 2 183695 850.998 49113.6 1
0.0450934 0.000229453 4 2 0 0 7 2 183695 855.64 49061.8 1
0.0453229 0.000229522 3 2 0 0 7 2 183849 859.29 49067.4 1
0.0455531 0.000230195 4 2 0 0 7 2 183870 863.846 49021.5 1
0.0457825 0.000229354 4 2 0 0 7 2 183975 867.625 49020 1
0.046012 0.00022956 3 2 0 0 7 2 183905 872.136 48977.3 1
0.0462423 0.000230285 4 2 0 0 7 2 183975 875.834 48980.5 1
0.046472 0.000229639 4 2 0 0 7 2 184045 879.374 48992.7 1
0.0467019 0.00022989 3 2 0 0 7 2 184234 883.017 48999.2 1
0.0469324 0.000230577 4 2 0 0 7 2 184087 887.57 48955.3 1
0.0471629 0.000230431 4 2 0 0 7 2 184108 891.345 48954.4 1
0.0473935 0.000230638 3 2 0 0 7 2 184297 895.86 48913.4 1
0.0476248 0.000231299 4 2 0 0 7 2 184311 899.588 48915.6 1
0.0478556 0.000230831 4 2 0 0 7 2 184570 904.234 48868.4 1
0.0480866 0.000230933 3 2 0 0 7 2 184556 907.892 48874.8 1
0.0483181 0.000231552 4 2 0 0 7 2 184612 911.351 48891.8 1
0.0485502 0.000232128 4 2 0 0 8 2 184787 915.375 48878.8 1
0.0487812 0.000230967 3 2 0 0 7 2 184899 919.901 48839.3 1
0.0490124 0.000231214 3 2 0 0 7 2 184976 923.485 48850.1 1
0.0492437 0.000231254 4 2 0 0 7 2 185060 928.06 48808.7 1
0.0494751 0.00023144 4 2 0 0 7 2 185095 931.841 48809.2 1
0.0497073 0.000232143 4 2 0 0 7 2 185242 936.482 48765.2 1
0.0499403 0.000233048 4 2 0 0 8 2 185179 940.498 48753.8 1
0.0501715 0.000231139 3 2 0 0 7 2 185249 943.941 48772.3 1
0.0504029 0.000231445 3 2 0 0 7 2 185256 947.523 48783.4 1
0.0506348 0.000231951 3 2 0 0 8 2 185263 952.272 48734.7 1
0.050867 0.000232192 4 2 0 0 7 2 185431 956.048 48736.2 1
0.0510996 0.000232519 3 2 0 0 7 2 185431 960.57 48699.7 1
0.0513329 0.000233339 4 3 0 0 8 2 185347 964.808 48677.9 1
0.0515668 0.000233854 3 3 0 0 8 2 185438 969.772 48620 1
0.0517991 0.000232335 2 2 0 0 7 2 185578 972.28 48685.5 1
0.0520318 0.000232732 3 2 0 0 8 2 185571 977.089 48635.8 1
0.0522647 0.00023286 4 2 0 0 8 2 185564 981.124 48624.9 1
0.0524977 0.000233059 3 2 0 0 7 2 185578 985.65 48589.8 1
0.0527315 0.0002338 3 2 0 0 7 2 185690 989.316 48597.5 1
0.0529663 0.000234747 4 2 0 0 7 2 185704 994.004 48555.1 1
0.0532015 0.000235215 3 2 0 0 8 2 185879 997.931 48550.3 1
0.0534352 0.000233746 3 2 0 0 8 2 185837 1002.71 48504.4 1
0.0536692 0.000233935 3 2 0 0 8 2 186033 1005.48 48555.5 1
0.053903 0.000233857 3 2 0 0 8 2 185921 1010.24 48511.1 1
0.0541372 0.000234116 3 2 0 0 7 2 185907 1013.93 48517.7 1
0.0543721 0.000234964 3 2 0 0 7 2 185956 1018.48 48483.7 1
0.0546079 0.000235768 3 2 0 0 7 2 185956 1022.16 48490.8 1
0.0548439 0.000236007 3 2 0 0 7 2 186026 1026.75 48455.4 1
0.0550804 0.000236492 3 2 0 0 8 2 186187 1030.65 48452.5 1
0.0553168 0.000236465 3 2 0 0 8 2 186166 1034.31 48461.1 1
0.0555506 0.000233773 3 2 0 0 8 2 186404 1038.22 48458.2 1
0.0557847 0.000234068 3 2 0 0 8 2 186229 1043.01 48414.3 1
0.0560197 0.00023496 3 2 0 0 7 2 186502 1046.64 48424.3 1
0.0562562 0.000236581 4 2 0 0 7 2 186418 1051.32 48386.3 1
0.0564935 0.00023731 3 2 0 0 8 2 186453 1055.22 48384.3 1
0.0567283 0.000234803 3 2 0 0 8 2 186684 1059.98 48342.9 1
0.0569634 0.000235036 3 2 0 0 8 2 186726 1063.87 48341.6 1
0.0571987 0.000235328 3 2 0 0 8 2 186754 1067.57 48348.9 1
0.0574349 0.000236234 3 2 0 0 7 2 186831 1071.26 48357 1
0.0576725 0.000237511 3 2 0 0 7 2 186761 1075.81 48325.9 1
0.0579107 0.000238202 3 2 0 0 8 2 187055 1079.75 48323.1 1
0.0581489 0.000238259 3 2 0 0 8 2 187076 1084.54 48281.9 1
0.0583874 0.000238511 3 2 0 0 8 2 187167 1088.48 48279 1
0.0586244 0.000236985 3 2 0 0 8 2 187321 1093.29 48238.2 1
0.0588615 0.000237063 3 2 0 0 7 2 187314 1095.9 48294.1 1
0.0590992 0.000237679 3 2 0 0 8 2 187489 1100.68 48255 1
0.0593369 0.000237725 3 2 0 0 7 2 187517 1104.36 48263.8 1
0.0595745 0.000237624 3 2 0 0 7 2 187559 1108.91 48234.9 1
0.0598127 0.000238191 3 2 0 0 8 2 187552 1112.85 48232.5 1
0.0600512 0.000238505 3 2 0 0 8 2 187797 1117.67 48192.8 1
0.0602867 0.000235507 3 2 0 0 7 2 187832 1121.39 48200.2 1
0.0605225 0.000235797 3 2 0 0 8 2 187860 1126.19 48161.7 1
0.0607584 0.000235935 3 2 0 0 8 2 187909 1129.05 48206.1 1
0.0609946 0.00023621 3 2 0 0 7 2 188056 1133.62 48177.5 1
0.0612316 0.000236965 4 3 0 0 7 2 188056 1137.56 48176.1 1
0.0614695 0.000237855 3 3 0 0 7 2 188133 1142.22 48144.4 1
0.0617078 0.000238282 3 2 0 0 8 2 188252 1146.24 48139.5 1
0.0619438 0.000236058 3 2 0 0 8 2 188294 1151.08 48100.7 1
0.0621803 0.000236497 5 2 0 0 8 2 188413 1155.31 48088 1
0.062417 0.000236719 4 2 0 0 7 2 188476 1158.93 48100.2 1
0.0626546 0.000237625 3 2 0 0 7 2 188511 1162.64 48108.7 1
0.0628927 0.000238067 3 2 0 0 7 2 188553 1167.23 48081.2 1
0.0631314 0.000238696 3 2 0 0 8 2 188756 1171.2 48079.2 1
0.0633705 0.00023911 3 2 0 0 8 2 188854 1176.05 48041.8 1
0.0636087 0.000238201 3 2 0 0 8 2 188882 1180.02 48039.9 1
0.0638471 0.000238394 3 2 0 0 8 2 188952 1184.88 48002.7 1
0.0640859 0.000238763 3 2 0 0 8 2 189071 1188.84 48001.6 1
0.0643247 0.000238861 3 2 0 0 7 2 189148 1192.37 48018.3 1
0.0645638 0.000239035 3 2 0 0 8 2 189239 1196.33 48017.4 1
0.0648034 0.00023963 3 2 0 0 8 2 189365 1201.18 47981.1 1
0.0650434 0.000239998 3 2 0 0 7 2 189442 1204.93 47989 1
0.0652837 0.000240265 3 2 0 0 8 2 189512 1209.78 47953.4 1
0.0655207 0.000237028 3 2 0 0 8 2 189680 1213.78 47951.6 1
0.0657577 0.000237048 3 2 0 0 8 2 189848 1218.63 47916.4 1
0.0659951 0.000237378 3 2 0 0 8 2 189757 1221.53 47958.1 1
0.0662334 0.00023823 3 2 0 0 7 2 189988 1226.11 47933.8 1
0.0664732 0.000239842 3 2 0 0 7 2 190023 1229.86 47942.1 1
0.0667138 0.000240602 3 2 0 0 8 2 190023 1234.73 47907 1
0.0669547 0.000240901 3 2 0 0 8 2 190037 1238.71 47906.5 1
0.0671921 0.000237418 4 2 0 0 8 2 189897 1243.69 47867.4 1
0.0674298 0.000237672 4 2 0 0 8 2 189883 1247.79 47862.2 1
0.0676684 0.000238593 4 2 0 0 8 2 189925 1251.67 47865.6 1
0.0679083 0.000239927 3 2 0 0 8 2 189883 1255.64 47865.5 1
0.0681491 0.000240774 3 2 0 0 8 2 189841 1260.47 47832.8 1
0.0683903 0.000241257 4 2 0 0 8 2 190051 1264.61 47826.6 1
0.0686319 0.000241588 4 2 0 0 8 2 190023 1269.6 47788.3 1
0.0688698 0.000237921 3 2 0 0 8 2 190310 1273.58 47788.2 1
0.0691081 0.00023827 3 2 0 0 8 2 190282 1278.43 47755.9 1
0.069347 0.000238845 3 2 0 0 8 2 190527 1282.42 47755.8 1
0.0695867 0.000239786 3 2 0 0 8 2 190534 1286.15 47765.6 1
0.0698281 0.00024138 3 2 0 0 8 2 190555 1290.12 47766 1
0.0700703 0.000242196 3 2 0 0 8 2 190632 1295.07 47730.8 1
0.0703129 0.000242616 3 2 0 0 8 2 190667 1299.09 47729.8 1
0.0705523 0.000239332 3 2 0 0 8 2 190821 1303.92 47699.3 1
0.0707919 0.000239669 3 2 0 0 9 2 190688 1308.24 47687.8 1
0.0710321 0.000240175 3 2 0 0 9 2 190443 1313.41 47645 1
0.0712731 0.000241 3 2 0 0 9 2 190408 1316.64 47672.7 1
0.0715158 0.000242643 4 2 0 0 9 2 190527 1321.92 47626.5 1
0.0717592 0.000243416 4 2 0 0 9 2 190415 1326.35 47611 1
0.0720026 0.000243439 4 2 0 0 9 2 190240 1331.62 47565.5 1
0.0722465 0.000243853 3 2 0 0 8 2 190492 1335.59 47566.5 1
0.0724898 0.00024337 3 2 0 0 8 2 190485 1340.43 47537.1 1
0.0727333 0.00024342 3 2 0 0 8 2 190548 1344.4 47538.2 1
0.0729768 0.000243587 3 2 0 0 8 2 190471 1348.15 47547.3 1
0.073221 0.00024414 3 2 0 0 8 2 190751 1352.16 47547.4 1
0.0734665 0.000245558 4 2 0 0 8 2 190422 1357.13 47513.6 1
0.0737127 0.000246164 4 2 0 0 8 2 190485 1361.25 47509.8 1
0.0739584 0.000245689 3 2 0 0 8 2 190443 1366.08 47481.2 1
0.0742042 0.000245804 3 2 0 0 8 2 190590 1370.05 47482.5 1
0.074448 0.000243836 3 2 0 0 8 2 190688 1374.9 47454 1
0.074692 0.000243918 3 2 0 0 8 2 190800 1377.8 47492.4 1
0.0749365 0.000244549 3 2 0 0 8 2 190807 1382.69 47462.3 1
0.0751823 0.00024583 2 2 0 0 8 2 191010 1386.57 47467.3 1
0.0754289 0.000246595 4 2 0 0 8 2 191059 1391.56 47434.5 1
0.0756757 0.000246789 4 2 0 0 8 2 191297 1395.67 47431.8 1
0.0759226 0.00024688 4 2 0 0 8 2 191297 1400.65 47399.7 1
0.0761684 0.000245809 3 2 0 0 8 2 191556 1404.63 47401.8 1
0.0764143 0.000245889 3 2 0 0 8 2 191759 1408.42 47410.6 1
0.0766604 0.000246132 4 2 0 0 8 2 191878 1412.58 47406.7 1
0.0769072 0.000246782 4 2 0 0 8 2 191997 1417.57 47375.2 1
0.0771543 0.000247064 4 2 0 0 8 2 192214 1421.71 47372.5 1
0.0774019 0.000247607 3 2 0 0 8 2 192298 1426.62 47344.3 1
0.07765 0.000248152 4 2 0 0 8 2 192739 1430.78 47341.5 1
0.0778984 0.000248378 5 2 0 0 8 2 192788 1435.92 47306.1 1
0.0781471 0.000248718 4 2 0 0 8 2 192837 1439 47339 1
0.0783952 0.000248094 3 2 0 0 8 2 193194 1443.87 47312.9 1
0.0786435 0.000248297 3 2 0 0 8 2 193439 1447.92 47314.2 1
0.0788924 0.000248882 3 2 0 0 8 2 193558 1452.86 47286.5 1
0.0791427 0.000250252 3 2 0 0 8 2 193586 1456.94 47287.1 1
0.0793943 0.000251619 3 2 0 0 8 2 193845 1461.86 47260.4 1
0.0796464 0.000252103 3 2 0 0 8 2 194027 1465.94 47261.5 1
0.0798969 0.000250495 3 2 0 0 8 2 194216 1469.79 47269.7 1
0.0801457 0.000248801 3 2 0 0 8 2 194468 1473.87 47270.9 1
0.0803947 0.000248984 3 2 0 0 8 2 194776 1478.82 47244.3 1
0.0806444 0.000249729 4 2 0 0 8 2 194958 1483.03 47241.6 1
0.0808954 0.000250969 3 2 0 0 8 2 195161 1487.99 47215.2 1
0.0811471 0.000251741 3 2 0 0 8 2 195245 1492.07 47217 1
0.0813993 0.000252229 3 2 0 0 8 2 195483 1497.04 47191 1
0.0816518 0.000252468 3 2 0 0 8 2 195910 1501.12 47193 1
0.0819039 0.000252107 3 2 0 0 8 2 195896 1505.01 47201.4 1
0.0821562 0.000252328 3 2 0 0 8 2 196183 1509.09 47203.5 1
0.0824092 0.000252982 3 2 0 0 8 2 196477 1514.05 47178.8 1
0.0826623 0.000253114 3 2 0 0 8 2 196652 1518.14 47181.2 1
0.0829157 0.000253418 3 2 0 0 8 2 196785 1523.13 47155.9 1
0.0831699 0.000254172 3 2 0 0 8 2 197009 1527.22 47158.6 1
0.0834247 0.000254794 3 2 0 0 8 2 197303 1532.19 47134.3 1
0.08368 0.000255337 3 2 0 0 8 2 197513 1535.21 47170.3 1
0.0839359 0.000255892 3 2 0 0 8 2 197548 1540.19 47146.1 1
0.0841921 0.000256172 3 2 0 0 8 2 197779 1544.3 47148.6 1
0.0844484 0.000256246 3 2 0 0 8 2 198136 1549.26 47125.5 1
0.0847048 0.000256495 3 2 0 0 8 2 198451 1553.38 47128.5 1
0.0849622 0.00025738 3 2 0 0 8 2 197877 1558.39 47103.7 1
0.0852211 0.000258852 3 2 0 0 8 2 198192 1562.5 47106.9 1
0.0854807 0.000259628 3 2 0 0 8 2 198248 1566.36 47117.4 1
0.0857408 0.000260121 3 2 0 0 8 2 198514 1570.44 47121.1 1
0.0860014 0.000260525 3 2 0 0 8 2 198626 1575.43 47098.2 1
0.0862609 0.000259502 3 2 0 0 8 2 198339 1579.56 47100.5 1
0.0865205 0.000259662 3 2 0 0 8 2 198612 1584.56 47077.3 1
0.0867809 0.000260393 4 2 0 0 8 2 198745 1588.82 47076.2 1
0.0870425 0.000261617 3 2 0 0 9 2 198864 1594.13 47044.1 1
0.087305 0.000262437 3 2 0 0 9 2 199095 1597.47 47070.2 1
0.0875679 0.000262969 3 2 0 0 9 2 199067 1602.79 47038.3 1
0.0878314 0.000263421 3 2 0 0 9 2 199459 1607.23 47032.3 1
0.0880952 0.000263863 3 2 0 0 9 2 199732 1612.56 47000.7 1
0.0883587 0.000263489 3 2 0 0 9 2 199739 1617 46995.3 1
0.0886224 0.000263695 3 2 0 0 9 2 199949 1622.33 46964.2 1
0.0888868 0.000264437 3 2 0 0 9 2 200040 1625.7 46989.9 1
0.0891527 0.000265832 3 2 0 0 9 2 199935 1631.02 46959 1
0.0894193 0.000266638 3 2 0 0 9 2 200152 1635.48 46953.3 1
0.0896863 0.000267038 3 2 0 0 9 2 200264 1640.81 46923 1
0.0899537 0.000267344 3 2 0 0 9 2 200320 1645.27 46917.6 1
0.0902188 0.000265073 3 2 0 0 9 2 200509 1650.61 46887.1 1
0.0904841 0.000265372 3 2 0 0 9 2 200551 1655.08 46881.8 1
0.0907503 0.000266144 4 2 0 0 9 2 200572 1659.43 46879.7 1
0.0910175 0.000267179 3 2 0 0 9 2 200250 1663.89 46874.5 1
0.0912854 0.000267943 3 2 0 0 9 2 200369 1669.21 46845.1 1
0.091554 0.000268631 3 2 0 0 9 2 200530 1673.66 46840.4 1
0.0918232 0.000269141 3 2 0 0 9 2 200698 1678.99 46811.1 1
0.0920927 0.000269546 3 2 0 0 9 2 200803 1683.44 46806.6 1
0.0923624 0.000269632 3 2 0 0 9 2 200873 1687.67 46808.4 1
0.0926321 0.000269718 3 2 0 0 9 2 201048 1692.11 46804.3 1
0.0929028 0.000270736 3 2 0 0 9 2 201370 1697.44 46776.1 1
0.0931744 0.00027163 3 2 0 0 9 2 201559 1701.89 46772.2 1
0.0934467 0.000272214 3 2 0 0 9 2 201608 1707.21 46744.7 1
0.0937194 0.000272734 3 2 0 0 9 2 201370 1711.67 46740.4 1
0.0939915 0.000272081 3 2 0 0 9 2 201230 1716.97 46713.3 1
0.0942641 0.000272645 3 2 0 0 9 2 201412 1720.3 46740.1 1
0.0945369 0.000272764 3 2 0 0 9 2 201538 1725.62 46712.6 1
0.0948106 0.000273696 3 2 0 0 9 2 201678 1730.06 46709.3 1
0.095085 0.000274394 3 2 0 0 9 2 201937 1735.35 46683.2 1
0.09536 0.000275032 3 2 0 0 9 2 202154 1739.78 46680.8 1
0.0956355 0.000275539 3 2 0 0 9 2 202301 1745.1 46654.3 1
0.0959115 0.000275981 3 2 0 0 9 2 202448 1749.52 46652.1 1
0.0961876 0.000276085 3 2 0 0 9 2 202546 1753.75 46655.1 1
0.0964633 0.000275679 3 2 0 0 9 2 202735 1758.18 46652.7 1
0.09674 0.000276699 3 2 0 0 9 2 202987 1763.49 46627.5 1
0.0970176 0.000277636 3 2 0 0 9 2 203050 1767.93 46625.2 1
0.0972958 0.000278229 3 2 0 0 9 2 203197 1773.25 46600 1
0.0975745 0.000278657 3 2 0 0 9 2 203379 1777.69 46598.1 1
0.0978535 0.000279024 3 2 0 0 9 2 203512 1781.92 46601.7 1
0.098131 0.000277424 3 2 0 0 9 2 203750 1786.37 46599.6 1
0.098409 0.000278073 3 2 0 0 9 2 203953 1791.7 46574.8 1
0.0986871 0.000278075 3 2 0 0 9 2 204002 1796.16 46572.6 1
0.098966 0.000278906 3 2 0 0 9 2 204128 1801.47 46548.7 1
0.0992455 0.000279496 3 2 0 0 9 2 204324 1805.91 46547.3 1
0.0995253 0.00027985 3 2 0 0 9 2 204422 1811.26 46522.7 1
0.0998055 0.000280174 3 2 0 0 9 2 204541 1814.62 46549.2 1
0.100086 0.000280438 3 2 0 0 9 2 204674 1819.97 46524.9 1
0.100365 0.000278933 3 2 0 0 9 2 204730 1824.43 46523.3 1
0.100644 0.000279237 3 2 0 0 9 2 204807 1829.77 46499.6 1
0.100923 0.000279302 3 2 0 0 9 2 204884 1834.25 46497.7 1
0.101203 0.000279626 3 2 0 0 9 2 204863 1839.61 46473.7 1
0.101483 0.000280196 3 2 0 0 9 2 204947 1844.07 46472.3 1
0.101764 0.000280932 4 2 0 0 9 2 204919 1848.46 46472.8 1
0.102046 0.000281659 3 2 0 0 9 2 204954 1852.94 46471.1 1
0.102328 0.000282287 3 2 0 0 9 2 205024 1858.27 46448.2 1
0.102611 0.000282695 4 2 0 0 9 2 205101 1862.92 46442.4 1
0.102894 0.000283041 4 2 0 0 9 2 204933 1868.42 46415.3 1
0.103177 0.000283278 4 2 0 0 9 2 204975 1873.02 46410.6 1
0.103461 0.000283455 4 2 0 0 9 2 204982 1877.41 46411.5 1
0.103744 0.000283579 4 2 0 0 9 2 204905 1882.14 46403.5 1
0.104028 0.000283729 4 2 0 0 9 2 204919 1887.67 46376.3 1
0.104312 0.000283796 4 2 0 0 9 2 204926 1892.32 46370.5 1
0.104596 0.000283908 4 2 0 0 9 2 204905 1897.85 46343.4 1
0.10488 0.000283979 4 2 0 0 9 2 204884 1902.47 46338.5 1
0.105164 0.000284057 4 2 0 0 9 2 204905 1906.84 46339.8 1
0.105448 0.000284113 4 2 0 0 9 2 204891 1911.46 46335.1 1
0.105732 0.000284208 4 2 0 0 9 2 204912 1916.94 46309.4 1
0.106016 0.000284221 4 2 0 0 9 2 204891 1921.55 46305 1
0.1063 0.000284304 4 2 0 0 9 2 204947 1927.06 46278.9 1
0.106585 0.000284353 4 2 0 0 9 2 204961 1931.66 46274.9 1
0.106869 0.000284394 4 2 0 0 9 2 204898 1937.18 46248.8 1
0.107154 0.000284414 4 2 0 0 9 2 204681 1940.7 46270.2 1
0.107438 0.000284491 4 2 0 0 9 2 204492 1946.2 46244.7 1
0.107722 0.0002839 4 2 0 0 9 2 204331 1950.78 46240.8 1
0.108006 0.000284052 4 2 0 0 9 2 204429 1956.25 46216 1
0.10829 0.00028414 4 2 0 0 9 2 204478 1960.85 46211.9 1
0.108574 0.000284176 4 2 0 0 9 2 204359 1966.33 46187.1 1
0.108859 0.000284193 4 2 0 0 9 2 204282 1969.81 46209 1
0.109143 0.000284255 4 2 0 0 9 2 204282 1975.3 46184.1 1
0.109427 0.000283711 4 2 0 0 9 2 204226 1979.9 46180 1
0.10971 0.000283768 4 2 0 0 9 2 204198 1985.36 46155.8 1
0.109994 0.000283787 4 2 0 0 9 2 204226 1989.95 46151.9 1
0.110278 0.00028341 4 2 0 0 9 2 204184 1995.39 46128.5 1
0.110561 0.000283349 4 2 0 0 9 2 204310 1999.96 46125.1 1
0.110844 0.000283323 4 2 0 0 9 2 204373 2004.34 46126.4 1
0.111127 0.000282587 5 2 0 0 9 2 204317 2009.05 46120 1
0.111409 0.000282414 4 2 0 0 9 2 204254 2014.51 46096.4 1
0.111692 0.000282442 4 2 0 0 9 2 204289 2019.09 46093 1
0.111973 0.000281456 4 2 0 0 9 2 204156 2024.54 46069.8 1
0.112255 0.000281536 4 2 0 0 9 2 204191 2029.13 46066.1 1
0.112536 0.000281345 4 2 0 0 9 2 204198 2033.48 46068 1
0.112817 0.000280997 4 2 0 0 9 2 204072 2038.04 46065.1 1
0.113098 0.000281108 4 2 0 0 9 2 204044 2043.46 46042.7 1
0.113379 0.000280637 4 2 0 0 9 2 204037 2048.01 46040 1
0.113659 0.000280628 4 2 0 0 9 2 203974 2053.45 46017.4 1
0.11394 0.000280656 3 2 0 0 9 2 203904 2057.89 46017.2 1
0.11422 0.000280083 4 2 0 0 9 2 203918 2062.29 46018 1
0.1145 0.000279405 4 2 0 0 9 2 203848 2066.85 46014.9 1
0.114779 0.000279406 3 2 0 0 9 2 203820 2072.15 45995.6 1
0.115058 0.000279046 4 2 0 0 9 2 203799 2076.71 45992.9 1
0.115336 0.000278034 4 2 0 0 9 2 203841 2082.17 45970.2 1
0.115614 0.0002781 3 2 0 0 9 2 203876 2086.59 45970.4 1
0.115892 0.000277844 4 2 0 0 9 2 203918 2092.01 45948.8 1
0.116169 0.00027734 3 2 0 0 9 2 204016 2095.31 45973.9 1
0.116446 0.000277202 3 2 0 0 9 2 203904 2100.58 45955.5 1
0.116723 0.000276936 4 2 0 0 9 2 203827 2105.14 45952.8 1
0.116999 0.000275909 3 2 0 0 9 2 203869 2110.43 45934.4 1
0.117275 0.000275962 4 2 0 0 9 2 203946 2114.99 45931.6 1
0.117551 0.000275531 4 2 0 0 9 2 203869 2120.42 45910.1 1
0.117826 0.00027512 3 2 0 0 9 2 204016 2123.93 45930.3 1
0.118101 0.000274875 3 2 0 0 9 2 203918 2129.69 45901.9 1
0.118376 0.000274792 3 2 0 0 9 2 203925 2134.48 45894.4 1
0.118649 0.000273616 3 2 0 0 9 2 204044 2140.57 45859.2 1
0.118923 0.000273637 3 2 0 0 9 2 204072 2145.36 45851.9 1
0.119196 0.000272947 3 2 0 0 9 2 204009 2151.22 45821.8 1
0.119469 0.000272963 3 2 0 0 9 2 204170 2155.87 45817.7 1
0.119741 0.000272162 3 2 0 0 9 2 204030 2160.17 45821 1
0.120013 0.000272216 3 2 0 0 9 2 203897 2164.62 45820.9 1
0.120285 0.000271409 3 2 0 0 9 2 203701 2169.92 45802.9 1
0.120556 0.000271437 3 2 0 0 9 2 203344 2174.38 45802.4 1
0.120827 0.000270606 3 2 0 0 9 2 203148 2179.7 45784 1
0.121097 0.000270617 3 2 0 0 9 2 203337 2184.12 45784.2 1
0.121367 0.000269885 3 2 0 0 9 2 203323 2188.34 45789 1
0.121637 0.000269724 3 2 0 0 9 2 203281 2192.76 45789.4 1
0.121905 0.000268099 3 2 0 0 9 2 203456 2198.04 45772 1
0.122173 0.000268224 3 2 0 0 9 2 203442 2202.46 45772.3 1
0.122441 0.000268098 3 2 0 0 9 2 203463 2207.76 45754.7 1
0.122709 0.000267826 3 2 0 0 9 2 203386 2212.2 45754.8 1
0.122977 0.000267547 3 2 0 0 9 2 203463 2217.49 45737.5 1
0.123244 0.000266966 3 2 0 0 9 2 203519 2220.84 45760 1
0.12351 0.000266559 3 2 0 0 9 2 203589 2226.15 45742.4 1
0.123777 0.000266487 3 2 0 0 9 2 203463 2230.58 45742.8 1
0.124042 0.000265743 3 2 0 0 9 2 203575 2235.87 45725.5 1
0.124308 0.000265745 3 2 0 0 9 2 203533 2240.29 45726.1 1
0.124574 0.000265491 3 2 0 0 9 2 203456 2245.6 45708.7 1
0.124838 0.000264882 3 2 0 0 9 2 203316 2248.94 45731.2 1
0.125103 0.000264914 3 2 0 0 9 2 203351 2254.25 45713.8 1
0.125368 0.000264423 3 2 0 0 9 2 203316 2258.68 45714.1 1
0.125632 0.000263909 3 2 0 0 9 2 203393 2264.12 45694.1 1
0.125896 0.000263975 3 2 0 0 9 2 203372 2268.82 45689.1 1
0.12616 0.000264009 3 2 0 0 9 2 203316 2274.3 45668.4 1
0.126424 0.000263996 3 2 0 0 9 2 203330 2278.78 45667.8 1
0.126687 0.000263739 3 2 0 0 9 2 203330 2283 45672.4 1
0.126951 0.000263787 3 2 0 0 9 2 203239 2287.42 45673.1 1
0.127215 0.000263486 3 2 0 0 9 2 203232 2292.88 45652.8 1
0.127478 0.00026351 3 2 0 0 9 2 203183 2297.59 45647.8 1
0.127742 0.000263574 3 2 0 0 9 2 203148 2302.9 45630.8 1
0.128005 0.000263582 3 2 0 0 9 2 203043 2307.31 45631.4 1
0.128269 0.000263557 3 2 0 0 9 2 202889 2311.5 45636.5 1
0.128533 0.000263634 3 2 0 0 9 2 202966 2315.9 45637.5 1
0.128796 0.000263619 3 2 0 0 9 2 202798 2321.2 45620.6 1
0.12906 0.000263633 2 2 0 0 9 2 202847 2325.47 45624.1 1
0.129324 0.000263709 3 2 0 0 9 2 202826 2330.77 45607.3 1
0.129587 0.000263741 3 2 0 0 9 2 202798 2335.19 45607.9 1
0.129851 0.00026375 2 2 0 0 9 2 202644 2340.33 45594.3 1
0.130115 0.000263826 3 2 0 0 9 2 202595 2343.66 45616 1
0.130379 0.000263891 3 2 0 0 9 2 202469 2348.94 45599.5 1
0.130643 0.000263944 3 2 0 0 9 2 202455 2353.36 45600 1
0.130907 0.000264087 3 2 0 0 9 2 202511 2358.62 45584.1 1
0.131171 0.000264166 3 2 0 0 9 2 202392 2363.01 45585.2 1
0.131435 0.000264244 3 2 0 0 9 2 202336 2368.27 45569.4 1
0.1317 0.000264382 3 2 0 0 9 2 202140 2372.67 45570 1
0.131964 0.000264487 2 2 0 0 9 2 201895 2376.7 45577.7 1
0.132229 0.000264589 3 2 0 0 9 2 201783 2381.07 45578.7 1
0.132493 0.000264731 3 2 0 0 9 2 201615 2386.35 45562.5 1
0.132758 0.000264844 3 2 0 0 9 2 201328 2390.74 45563.1 1
0.133023 0.000264969 3 2 0 0 9 2 201188 2396.02 45546.6 1
0.133288 0.000265103 3 2 0 0 9 2 200845 2400.39 45547.3 1
0.133554 0.000265237 3 2 0 0 10 2 200775 2404.88 45545.7 1
0.133819 0.000265317 3 2 0 0 10 2 200719 2409.58 45540.3 1
0.134084 0.000265477 3 2 0 0 9 2 200684 2414.83 45524.4 1
0.13435 0.000265664 3 2 0 0 9 2 200593 2419.24 45524.3 1
0.134616 0.000265766 3 2 0 0 9 2 200684 2424.54 45507.4 1
0.134882 0.000265965 3 2 0 0 9 2 200649 2428.95 45507.5 1
0.135148 0.000266164 3 2 0 0 9 2 200621 2434.2 45491.7 1
0.135414 0.000266307 3 2 0 0 9 2 200635 2437.47 45513.1 1
0.135681 0.000266451 3 2 0 0 9 2 200509 2442.66 45498.4 1
0.135947 0.000266574 3 2 0 0 9 2 200236 2447.03 45499 1
0.136214 0.000266675 3 2 0 0 9 2 200334 2452.31 45482.6 1
0.136481 0.000266794 3 2 0 0 9 2 200362 2456.7 45483 1
0.136748 0.000266897 3 2 0 0 9 2 200096 2461.96 45467.1 1
0.137015 0.000267038 2 2 0 0 9 2 200138 2466.19 45470.2 1
0.137282 0.000267186 3 2 0 0 9 2 200243 2470.34 45474.9 1
0.137549 0.000267349 3 2 0 0 9 2 200166 2474.7 45475.6 1
0.137817 0.000267528 3 2 0 0 9 2 200215 2479.93 45460.5 1
0.138084 0.000267723 3 2 0 0 9 2 200152 2484.3 45461.1 1
0.138352 0.000267938 3 2 0 0 9 2 200257 2489.53 45446 1
0.138621 0.000268162 3 2 0 0 9 2 200243 2493.91 45446.5 1
0.138889 0.000268401 3 2 0 0 9 2 200271 2498.08 45450.8 1
0.139158 0.000268665 3 2 0 0 9 2 200187 2502.44 45451.6 1
0.139426 0.000268904 3 2 0 0 9 2 200257 2507.68 45436.5 1
0.139696 0.000269196 3 2 0 0 9 2 200264 2512.05 45437.2 1
0.139965 0.00026945 2 2 0 0 9 2 200194 2517.16 45424.5 1
0.140235 0.000269716 3 2 0 0 9 2 200096 2521.52 45425.3 1
0.140505 0.000270037 3 2 0 0 9 2 199914 2526.77 45410.1 1
0.140775 0.000270301 2 2 0 0 9 2 200054 2529.91 45432.8 1
0.141046 0.000270589 3 2 0 0 9 2 200124 2535.15 45417.8 1
0.141317 0.000270929 3 2 0 0 9 2 200180 2539.55 45418 1
0.141588 0.000271211 3 2 0 0 9 2 200173 2544.8 45402.9 1
0.141859 0.000271537 3 2 0 0 9 2 200138 2549.33 45400.7 1
0.142131 0.00027187 3 2 0 0 9 2 200047 2554.64 45384.6 1
0.142404 0.000272212 3 2 0 0 9 2 200166 2559.28 45380.6 1
0.142676 0.000272517 3 2 0 0 9 2 200271 2563.46 45384.7 1
0.142949 0.000272886 3 2 0 0 10 2 200166 2568.17 45379.5 1
0.143222 0.000273213 3 2 0 0 9 2 200236 2573.42 45364.7 1
0.143496 0.000273561 3 2 0 0 9 2 200334 2577.81 45365.1 1
0.14377 0.000273913 3 2 0 0 9 2 200180 2583.07 45350.2 1
0.144044 0.000274268 3 2 0 0 9 2 200103 2587.47 45350.4 1
0.144319 0.000274635 3 2 0 0 9 2 200348 2591.66 45354.4 1
0.144594 0.000275007 3 2 0 0 9 2 200523 2596.05 45355.1 1
0.144869 0.000275376 3 2 0 0 9 2 200404 2601.3 45340.6 1
0.145145 0.000275752 3 2 0 0 9 2 200362 2605.67 45341.4 1
0.145421 0.000276133 3 2 0 0 9 2 200586 2610.92 45327 1
0.145697 0.000276526 3 2 0 0 9 2 200397 2615.3 45327.7 1
0.145974 0.000276907 3 2 0 0 9 2 200495 2620.55 45313.4 1
0.146252 0.000277305 3 2 0 0 9 2 200523 2623.84 45333 1
0.146529 0.000277691 3 2 0 0 9 2 200530 2629.09 45318.8 1
0.146807 0.000278103 3 2 0 0 9 2 200523 2633.47 45319.6 1
0.147086 0.000278495 3 2 0 0 9 2 200537 2638.7 45305.6 1
0.147365 0.00027892 3 2 0 0 9 2 200572 2643.08 45306.5 1
0.147644 0.000279317 3 2 0 0 9 2 200418 2648.31 45292.7 1
0.147924 0.000279698 3 2 0 0 9 2 200306 2652.68 45293.6 1
0.148204 0.000280091 3 2 0 0 9 2 200411 2656.9 45297.1 1
0.148484 0.000280492 3 2 0 0 9 2 200432 2661.29 45297.7 1
0.148765 0.000280846 3 2 0 0 9 2 200313 2666.51 45284.1 1
0.149046 0.000281245 3 2 0 0 9 2 200089 2670.89 45284.9 1
0.149328 0.000281619 3 2 0 0 9 2 200187 2676.12 45271 1
0.14961 0.000281968 3 2 0 0 9 2 200264 2680.5 45271.9 1
0.149892 0.000282335 3 2 0 0 9 2 200243 2685.72 45258.4 1
0.150175 0.000282701 3 2 0 0 9 2 200005 2689.01 45277.5 1
0.150458 0.000283038 3 2 0 0 9 2 200019 2694.23 45264 1
0.150741 0.000283369 3 2 0 0 9 2 199879 2698.6 45264.6 1
0.151025 0.000283738 3 2 0 0 9 2 200173 2703.91 45249.8 1
0.151309 0.000284114 4 2 0 0 9 2 199935 2708.44 45248 1
0.151594 0.000284559 3 2 0 0 9 2 200180 2713.68 45234.4 1
0.151879 0.000284959 3 2 0 0 9 2 199991 2716.93 45253.9 1
0.152164 0.000285406 3 2 0 0 9 2 200236 2722.14 45240.8 1
0.15245 0.000285826 3 2 0 0 9 2 200019 2726.47 45242.3 1
0.152736 0.000286208 3 2 0 0 9 2 200243 2731.74 45228.4 1
0.153023 0.000286591 3 2 0 0 9 2 200257 2736.13 45228.9 1
0.15331 0.000286964 3 2 0 0 9 2 200278 2741.37 45215.6 1
0.153597 0.000287289 3 2 0 0 9 2 200271 2745.76 45216.3 1
0.153885 0.000287625 3 2 0 0 9 2 200292 2749.94 45220.4 1
0.154173 0.00028796 3 2 0 0 9 2 200229 2754.31 45221.2 1
0.154461 0.000288241 3 2 0 0 10 2 200313 2759.88 45202.7 1
0.15475 0.000288597 3 2 0 0 10 2 200600 2764.65 45197.2 1
0.155038 0.000288922 3 2 0 0 10 2 200327 2770.22 45178.6 1
0.155328 0.000289128 3 2 0 0 10 2 200292 2774.93 45174.1 1
0.155617 0.000289408 3 2 0 0 10 2 200474 2779.41 45173.4 1
0.155907 0.000289686 3 2 0 0 10 2 200467 2784.09 45169.5 1
0.156197 0.000289914 3 2 0 0 10 2 200600 2789.66 45151.2 1
0.156487 0.000290198 3 2 0 0 10 2 200411 2794.34 45147.4 1
0.156777 0.000290455 3 2 0 0 10 2 200740 2800.48 45120 1
0.157068 0.000290628 3 2 0 0 10 2 200698 2805.53 45110.3 1
0.157359 0.000290757 3 2 0 0 10 2 200509 2810.38 45103.9 1
0.15765 0.000290986 3 2 0 0 10 2 200628 2815.46 45093.7 1
0.157941 0.000291261 3 2 0 0 10 2 200747 2821.39 45070 1
0.158232 0.000291499 3 2 0 0 11 2 200782 2826.65 45057.2 1
0.158524 0.000291748 3 2 0 0 10 2 200628 2832.26 45038.8 1
0.158816 0.000291946 3 2 0 0 10 2 200474 2836.98 45034.6 1
0.159108 0.00029218 3 2 0 0 10 2 200600 2841.49 45033.6 1
0.159401 0.000292306 3 2 0 0 10 2 200733 2846.19 45029.8 1
0.159693 0.000292533 3 2 0 0 10 2 200572 2851.77 45012 1
0.159986 0.000292768 3 2 0 0 10 2 200894 2856.47 45008.4 1
0.160279 0.000292917 3 2 0 0 10 2 200733 2862.09 44990 1
0.160572 0.00029308 3 2 0 0 10 2 200775 2866.78 44986.5 1
0.160865 0.000293261 3 2 0 0 10 2 200838 2872.35 44969.2 1
0.161159 0.000293429 3 2 0 0 10 2 200824 2876.02 44981.6 1
0.161452 0.000293555 3 2 0 0 10 2 200824 2881.56 44964.8 1
0.161746 0.000293712 3 2 0 0 10 2 200887 2886.3 44960.6 1
0.16204 0.000293834 3 2 0 0 10 2 200796 2891.9 44943 1
0.162334 0.000293911 3 2 0 0 10 2 200768 2896.6 44939.4 1
0.162628 0.000294049 4 3 0 0 10 2 200789 2902.39 44918.9 1
0.162922 0.000294169 3 3 0 0 10 2 200796 2907.17 44914.2 1
0.163216 0.000294287 2 3 0 0 10 2 201048 2912.56 44900 1
0.16351 0.000294368 3 2 0 0 10 2 200845 2917.28 44896.2 1
0.163805 0.000294556 3 2 0 0 10 2 200831 2921.34 44902.6 1
0.1641 0.000294692 3 2 0 0 10 2 200880 2926.03 44899.2 1
0.164395 0.000294824 3 2 0 0 10 2 201097 2931.58 44882.8 1
0.164689 0.000294911 3 2 0 0 10 2 200747 2936.28 44879.4 1
0.164984 0.000295033 3 2 0 0 10 2 201146 2941.84 44862.9 1
0.16528 0.000295158 2 2 0 0 10 2 200915 2946.4 44861.7 1
0.165575 0.000295241 3 2 0 0 10 2 201076 2950.9 44861.3 1
0.16587 0.00029535 3 2 0 0 10 2 200929 2955.59 44858.2 1
0.166166 0.000295483 3 2 0 0 10 2 201006 2961.16 44841.7 1
0.166461 0.000295568 3 2 0 0 10 2 201034 2965.84 44838.7 1
0.166757 0.00029568 4 3 0 0 11 2 201069 2971.96 44814.1 1
0.167053 0.000295797 3 3 0 0 10 2 200852 2976.76 44809.2 1
0.167349 0.000295874 2 3 0 0 10 2 200782 2981.2 44809.9 1
0.167645 0.000295976 3 3 0 0 10 2 200775 2986 44805.1 1
0.167941 0.000296107 2 3 0 0 10 2 200481 2991.47 44790.2 1
0.168237 0.000296183 2 3 0 0 10 2 200292 2996.02 44789 1
0.168533 0.000296292 2 3 0 0 11 2 200362 3001.83 44769 1
0.16883 0.00029644 3 2 0 0 10 2 200187 3006.52 44765.9 1
0.169126 0.000296537 3 2 0 0 10 2 200432 3012.36 44745.5 1
0.169423 0.00029665 3 2 0 0 10 2 200362 3016.02 44757.7 1
0.16972 0.000296816 3 2 0 0 10 2 200362 3021.52 44742.5 1
0.170016 0.000296869 4 3 0 0 10 2 200257 3026.38 44736.8 1
0.170313 0.000296995 3 3 0 0 10 2 200439 3032.05 44719.3 1
0.170611 0.000297155 3 2 0 0 10 2 200180 3036.91 44713.7 1
0.170908 0.000297277 3 2 0 0 10 2 200411 3042.98 44690.2 1
0.171205 0.000297427 3 2 0 0 10 2 200334 3047.06 44696.2 1
0.171503 0.000297615 3 2 0 0 10 2 200509 3052.96 44675.5 1
0.171801 0.000297758 4 2 0 0 10 2 200418 3057.83 44669.9 1
0.172099 0.000297946 4 3 0 0 10 2 200341 3063.64 44650.6 1
0.172397 0.000298159 3 3 0 0 10 2 200327 3068.41 44646.5 1
0.172695 0.000298344 3 2 0 0 10 2 200509 3073.96 44631.1 1
0.172994 0.000298524 4 2 0 0 10 2 200502 3077.91 44639 1
0.173292 0.000298782 5 2 0 0 10 2 200502 3083.74 44619.6 1
0.173591 0.000298977 4 2 0 0 10 2 200327 3088.67 44613.3 1
0.173891 0.000299197 4 2 0 0 10 2 200404 3094.34 44596.2 1
0.17419 0.000299467 5 2 0 0 10 2 200222 3099.27 44589.9 1
0.17449 0.000299682 4 2 0 0 10 2 200369 3104.93 44573.1 1
0.17479 0.000299915 4 2 0 0 10 2 200229 3108.67 44583.9 1
0.17509 0.000300216 3 2 0 0 10 2 200397 3114.21 44569 1
0.17539 0.000300441 4 2 0 0 10 2 200488 3119 44564.9 1
0.175691 0.000300709 4 2 0 0 11 2 200194 3124.99 44543.4 1
0.175992 0.000301007 3 2 0 0 10 2 200285 3129.66 44540.9 1
0.176291 0.000299091 4 2 0 0 11 2 200502 3135.63 44520.1 1
0.176591 0.000299736 3 2 0 0 12 2 200383 3139.89 44523.5 1
0.176891 0.000300369 3 2 0 0 10 2 200369 3145.43 44508.8 1
0.177192 0.000300919 3 2 0 0 10 2 200292 3150.09 44506.5 1
0.177494 0.000301459 3 2 0 0 10 2 200355 3155.62 44492.1 1
0.177796 0.000302032 3 2 0 0 10 2 200418 3160.27 44490 1
0.178098 0.00030249 3 2 0 0 10 2 200467 3165.79 44475.8 1
0.178401 0.000302896 3 2 0 0 10 2 200530 3169.39 44488.5 1
0.178704 0.000303351 3 2 0 0 10 2 200432 3175.47 44466.5 1
0.179008 0.000303717 3 2 0 0 10 2 200579 3180.44 44460 1
0.179312 0.0003041 3 2 0 0 10 2 200397 3186.29 44441.2 1
0.179617 0.000304409 3 2 0 0 11 2 200740 3191.63 44429.9 1
0.179921 0.000304412 3 2 0 0 11 2 200593 3197.5 44411.1 1
0.180226 0.000304841 3 2 0 0 11 2 200425 3201.43 44419 1
0.180531 0.000305309 3 2 0 0 10 2 200495 3206.95 44405.2 1
0.180837 0.000305668 3 2 0 0 11 2 200838 3211.98 44398.1 1
0.181143 0.000305962 3 2 0 0 10 2 200530 3217.51 44384.2 1
0.181449 0.000306328 3 2 0 0 11 2 200530 3222.5 44377.7 1
0.181756 0.00030665 3 2 0 0 10 2 200614 3228.04 44363.6 1
0.182063 0.000306957 3 2 0 0 10 2 200789 3231.67 44375.9 1
0.18237 0.000307371 3 2 0 0 10 2 200677 3237.22 44361.8 1
0.182678 0.000307712 3 2 0 0 10 2 200824 3241.9 44359.8 1
0.182986 0.000308088 3 2 0 0 14 2 200705 3248.7 44328.7 1
0.183294 0.000308532 3 2 0 0 12 2 200712 3253.99 44318.4 1
0.183603 0.000308804 3 2 0 0 10 2 200691 3259.53 44304.5 1
0.183908 0.00030484 3 2 0 0 12 2 200894 3263.81 44307.9 1
0.184214 0.000306031 3 2 0 0 13 2 200733 3270.5 44278.7 1
0.184521 0.000306896 3 2 0 0 12 2 200803 3275.84 44267.9 1
0.184829 0.000307741 3 2 0 0 11 2 200726 3281.68 44250.2 1
0.185137 0.000308562 3 2 0 0 11 2 200915 3286.67 44244.2 1
0.185446 0.000308922 3 2 0 0 10 2 200845 3292.23 44230.4 1
0.185756 0.00030976 3 2 0 0 11 2 200726 3296.16 44238.6 1
0.186067 0.000310573 4 2 0 0 10 2 200754 3301.84 44223.4 1
0.186378 0.00031126 3 2 0 0 10 2 200936 3306.82 44217.4 1
0.18669 0.000311892 3 2 0 0 11 2 200831 3312.86 44197.5 1
0.187002 0.000312508 4 2 0 0 11 2 200817 3318.08 44188.5 1
0.187315 0.000313039 3 2 0 0 11 2 200873 3323.96 44170.8 1
0.187629 0.00031329 3 2 0 0 11 2 200859 3327.89 44178.9 1
0.187942 0.000313865 3 2 0 0 11 2 200880 3333.77 44161.2 1
0.188257 0.000314319 3 2 0 0 11 2 200859 3338.79 44155.1 1
0.188572 0.000314769 3 2 0 0 11 2 200894 3344.66 44137.7 1
0.188887 0.000315219 3 2 0 0 11 2 200831 3349.68 44131.4 1
0.189202 0.000315341 3 2 0 0 11 2 200943 3355.54 44114.2 1
0.189518 0.000315964 3 2 0 0 11 2 200775 3359.5 44122 1
0.189835 0.000316651 3 2 0 0 11 2 200866 3365.39 44104.5 1
0.190152 0.00031718 3 2 0 0 11 2 200908 3370.38 44098.7 1
0.19047 0.000317709 3 2 0 0 11 2 200880 3376.25 44081.7 1
0.190788 0.000318281 3 2 0 0 13 2 201034 3382.03 44065.8 1
0.191107 0.000318793 3 2 0 0 11 2 200859 3387.09 44059.1 1
0.191426 0.000319254 3 2 0 0 11 2 200915 3392.27 44051.2 1
0.191743 0.00031746 4 2 0 0 12 2 200838 3398.96 44023.6 1
0.192062 0.000318252 3 2 0 0 13 2 200957 3405.1 44003.2 1
0.192381 0.00031894 3 2 0 0 12 2 200922 3411.33 43981.7 1
0.1927 0.000319613 3 2 0 0 11 2 200922 3416.32 43976.3 1
0.19302 0.000319807 3 2 0 0 11 2 200999 3421.09 43973.7 1
0.193341 0.000320882 3 2 0 0 12 2 201069 3426.42 43963.9 1
0.193662 0.00032162 3 2 0 0 11 2 201027 3432.3 43947.3 1
0.193985 0.000322259 3 2 0 0 11 2 201006 3437.29 43942 1
0.194308 0.000322919 3 2 0 0 11 2 201020 3443.13 43925.8 1
0.194631 0.000323663 3 2 0 0 11 2 201111 3448.08 43921 1
0.194956 0.000324311 3 2 0 0 11 2 200936 3452.87 43918.3 1
0.195281 0.000324919 3 2 0 0 11 2 200901 3457.83 43913.4 1
0.195606 0.000325519 3 2 0 0 11 2 201041 3463.67 43897.4 1
0.195932 0.000325983 3 2 0 0 11 2 201041 3468.65 43892.4 1
0.196259 0.000326536 3 2 0 0 11 2 201048 3474.5 43876.3 1
0.196585 0.000326871 4 2 0 0 11 2 201076 3479.61 43869.7 1
0.196913 0.000327604 3 2 0 0 11 2 201041 3484.41 43867 1
0.197241 0.000328341 3 2 0 0 11 2 201104 3489.38 43862 1
0.19757 0.000329037 3 2 0 0 11 2 201223 3495.25 43846 1
0.1979 0.000329656 3 2 0 0 11 2 201034 3500.22 43841.1 1
0.19823 0.000330284 3 2 0 0 11 2 201097 3506.04 43825.7 1
0.198561 0.000330924 3 2 0 0 11 2 201251 3511.02 43820.9 1
0.198893 0.000331551 3 2 0 0 13 2 201237 3516.46 43810.3 1
0.199225 0.000332111 3 2 0 0 12 2 201195 3521.75 43801.6 1
0.199558 0.000332655 3 2 0 0 14 2 201097 3528.55 43774.2 1
0.199891 0.000333158 3 2 0 0 12 2 201111 3533.85 43765.5 1
0.200224 0.000333636 3 2 0 0 12 2 201398 3540.05 43745.7 1
0.200558 0.000333815 3 2 0 0 12 2 201202 3544.35 43749.4 1
0.200892 0.000333983 3 2 0 0 12 2 201181 3550.54 43729.8 1
0.201227 0.0003349 3 2 0 0 12 2 201321 3555.84 43721.3 1
0.201563 0.000335877 3 2 0 0 11 2 201363 3561.71 43705.7 1
0.2019 0.000336648 3 2 0 0 12 2 201258 3567.02 43697.1 1
0.202237 0.00033741 3 2 0 0 12 2 201384 3573.19 43678 1
0.202575 0.000338238 3 2 0 0 12 2 201342 3577.45 43682.2 1
0.202914 0.000338991 3 2 0 0 12 2 201454 3583.62 43663.3 1
0.203254 0.000339922 3 2 0 0 12 2 201314 3588.93 43654.7 1
0.203595 0.000340748 3 2 0 0 12 2 201524 3595.12 43635.7 1
0.203936 0.000341361 3 2 0 0 14 2 201342 3601.09 43619.2 1
0.204278 0.000341864 3 2 0 0 12 2 201412 3606.25 43612.6 1
0.204621 0.000342451 3 2 0 0 12 2 201356 3611.57 43604.1 1
0.204964 0.000342929 3 2 0 0 15 2 201468 3618.73 43573.5 1
0.205305 0.000341004 3 2 0 0 12 2 201370 3624.04 43565.3 1
0.205647 0.000342402 3 2 0 0 13 2 201419 3630.6 43542 1
0.20599 0.000343473 3 2 0 0 12 2 201342 3636.43 43527.6 1
0.206335 0.000344256 3 2 0 0 12 2 201615 3641.82 43518.5 1
0.20668 0.000345115 3 2 0 0 12 2 201356 3647.21 43509.4 1
0.207026 0.000345969 2 2 0 0 12 2 201419 3653.37 43491.2 1
0.207372 0.000346655 3 2 0 0 12 2 201349 3658.84 43481.2 1
0.20772 0.000347299 3 2 0 0 12 2 201594 3665.81 43453.5 1
0.208068 0.000347858 2 2 0 0 12 2 201510 3670.42 43453.8 1
0.208416 0.00034825 2 2 0 0 14 2 201475 3677.71 43422.5 1
0.208764 0.000348618 3 2 0 0 13 2 201363 3683.53 43408.6 1
0.209113 0.000348808 3 2 0 0 12 2 201608 3690.03 43386.7 1
0.209456 0.00034304 3 2 0 0 12 2 201517 3695.73 43374.4 1
