t dt mgp.i mgp.nrelax mgpf.i mgpf.nrelax mgu.i mgu.nrelax grid->tn perf.t perf.speed npe perf.ispeed
0 0.000568182 0 0 0 0 0 0 14680064 0 0 56 0
0.000284091 0.000284091 2 5 0 0 6 3 14680064 3.79751 3.8657e+06 56 3.8657e+06
0.000962021 0.00067793 1 5 0 0 19 3 14680064 7.17598 4.09144e+06 56 4.34518e+06
0.00193342 0.000971394 8 11 0 0 19 4 14680064 11.4149 3.85812e+06 56 3.46314e+06
0.00317159 0.00123818 12 21 0 0 22 4 14680064 17.0792 3.43811e+06 56 2.59169e+06
0.00465237 0.00148078 1 21 0 0 16 5 14680064 20.9607 3.50181e+06 56 3.78207e+06
0.00635414 0.00170176 1 21 0 0 15 5 14680064 24.785 3.55378e+06 56 3.83866e+06
0.0082581 0.00190397 2 21 0 0 19 5 14680064 29.5838 3.47354e+06 56 3.05909e+06
0.0103488 0.0020907 2 21 0 0 14 6 14680064 33.5366 3.50186e+06 56 3.71381e+06
0.0126145 0.00226574 2 20 0 0 13 6 14680064 37.4029 3.53237e+06 56 3.79701e+06
0.0150478 0.00243321 2 19 0 0 15 6 14680064 41.7912 3.51291e+06 56 3.34704e+06
